# 镜头移动数据
# 格式: frame_idx dx dy dz
# dx, dy, dz 单位：像素 / 相对单位
==================================================
0 -20 20 0
10 -40 40 0
20 -60 60 0
29 -80 80 0
30 -100 100 0
31 -120 120 0
32 -140 140 0
33 -160 160 0
34 -180 180 0
35 -200 182 0
36 -220 182 0
37 -240 182 0
38 -260 182 0
39 -280 183 0
44 -300 183 0
46 -320 183 0
48 -340 183 0
49 -355 184 0
50 -355 185 0
51 -355 185 0
52 -355 186 0
53 -355 187 0
54 -355 188 0
55 -354 189 0
57 -354 191 0
58 -354 192 0
59 -354 192 0
60 -354 193 0
61 -354 193 0
62 -354 193 0
63 -354 194 0
64 -354 194 0
66 -354 194 0
67 -353 195 0
68 -353 195 0
69 -353 195 0
70 -353 195 0
71 -354 195 0
72 -354 196 0
73 -354 196 0
75 -354 196 0
76 -354 196 0
77 -353 196 0
78 -353 196 0
79 -353 196 0
80 -353 197 0
81 -353 197 0
83 -353 198 0
85 -353 198 0
86 -353 198 0
87 -353 198 0
88 -352 197 0
89 -332 177 0
90 -312 171 0
91 -303 175 0
92 -313 179 0
93 -293 159 0
94 -273 139 3
95 -253 119 4
96 -233 100 4
97 -213 119 5
98 -193 103 5
99 -191 121 5
100 -211 136 5
101 -231 147 5
102 -251 156 6
103 -271 164 6
104 -291 169 6
105 -311 173 6
106 -320 177 6
107 -327 180 6
108 -332 183 6
109 -337 185 6
110 -340 186 6
111 -343 187 6
112 -344 187 6
113 -346 187 6
114 -348 187 6
115 -349 187 6
116 -351 187 7
117 -352 186 7
118 -352 184 7
119 -353 183 7
120 -354 182 6
121 -354 181 6
123 -355 179 6
124 -353 180 6
125 -352 180 7
126 -351 180 7
127 -350 181 6
128 -349 180 6
129 -349 160 6
130 -349 140 6
131 -349 144 6
132 -348 152 6
133 -349 159 6
134 -349 165 6
135 -349 169 6
136 -348 172 6
137 -348 175 6
138 -348 178 6
140 -349 183 6
141 -350 185 6
142 -350 187 6
143 -350 189 6
144 -351 190 6
145 -350 191 6
146 -330 171 6
147 -310 168 5
148 -314 173 6
149 -322 177 6
150 -328 181 6
151 -332 183 6
152 -336 185 6
153 -339 186 6
154 -341 188 6
155 -343 188 6
156 -345 189 5
157 -347 190 4
158 -347 190 3
159 -327 170 0
160 -307 166 0
161 -304 171 0
163 -321 178 0
164 -327 180 0
165 -333 181 0
166 -336 183 0
167 -340 183 0
169 -345 185 0
170 -347 186 0
171 -348 186 0
172 -350 187 0
173 -351 187 0
174 -352 187 0
175 -352 187 0
176 -353 188 0
177 -353 188 0
178 -354 189 0
179 -354 190 0
180 -354 190 0
181 -354 191 0
182 -354 191 0
183 -355 192 0
184 -355 192 0
187 -355 194 0
188 -356 194 0
189 -356 195 0
190 -356 195 0
191 -356 196 0
192 -356 196 0
193 -356 197 0
194 -355 197 0
196 -355 198 0
197 -355 198 0
198 -355 198 0
199 -335 178 0
200 -315 170 0
201 -306 176 0
202 -316 182 0
203 -324 186 0
204 -330 190 0
205 -335 193 0
206 -335 173 0
207 -339 160 0
208 -342 169 0
209 -342 149 0
210 -322 129 0
211 -302 109 0
212 -282 89 0
213 -262 69 0
214 -242 49 0
215 -222 69 0
216 -202 68 0
217 -182 50 0
218 -202 70 0
219 -222 90 0
220 -242 110 0
221 -222 105 0
222 -202 89 0
224 -182 69 0
226 -162 52 0
227 -142 47 0
228 -122 43 0
229 -102 40 0
230 -82 37 0
234 -62 31 0
236 -42 32 0
237 -22 34 0
238 -2 35 0
240 18 37 0
241 22 37 0
242 19 38 0
243 24 38 0
244 29 37 0
245 35 37 0
246 15 28 0
247 -5 29 0
249 -25 25 0
250 -45 45 0
251 -65 65 0
252 -85 71 0
253 -105 64 0
254 -125 84 0
255 -136 80 0
256 -116 72 0
257 -96 65 0
258 -116 52 0
259 -96 50 0
260 -76 48 0
261 -56 47 0
262 -76 67 0
263 -65 75 0
264 -46 68 0
266 -66 88 0
267 -71 83 0
268 -91 66 0
271 -97 69 0
272 -77 60 0
273 -57 54 0
274 -37 50 0
275 -17 47 0
276 0 44 0
277 -20 64 0
278 -40 84 0
279 -60 104 0
280 -80 124 0
281 -100 144 0
282 -120 164 0
283 -140 154 0
284 -160 166 0
285 -180 146 0
286 -200 159 0
287 -220 169 0
288 -240 177 0
289 -260 184 0
290 -280 189 0
291 -260 169 0
292 -240 149 0
293 -222 143 0
294 -242 156 0
295 -262 166 0
296 -282 175 0
297 -262 155 0
298 -242 135 0
299 -222 115 0
300 -202 95 0
301 -182 80 0
302 -162 64 0
303 -142 51 0
304 -122 41 0
314 -102 21 0
324 -82 1 0
334 -62 0 0
344 -42 0 0
354 -22 0 0
364 -2 0 0
376 0 0 0
443 0 0 4
453 0 0 0
544 0 0 9
554 0 0 5
564 0 0 4
574 0 0 10
597 0 0 11
621 0 0 15
635 0 0 13
645 0 0 9
668 0 0 10
682 0 0 7
689 -11 -20 0
690 -19 -40 0
691 -24 -60 0
692 -44 -80 0
693 -64 -60 0
694 -84 -40 0
695 -104 -26 0
696 -124 -35 0
697 -144 -15 3
698 -164 0 4
699 -184 6 5
700 -204 12 5
701 -224 32 6
702 -204 52 6
703 -224 49 7
704 -244 69 7
705 -226 82 7
706 -246 102 8
707 -266 122 8
708 -246 107 8
709 -245 127 8
710 -225 121 9
711 -205 112 9
712 -185 101 9
713 -165 92 10
714 -145 73 10
715 -130 65 10
716 -150 85 10
717 -158 74 10
718 -139 55 9
719 -124 41 9
720 -106 29 9
721 -87 19 8
722 -74 10 7
723 -59 8 7
724 -47 6 7
725 -38 5 6
726 -43 0 6
727 -63 20 6
728 -83 33 6
729 -103 13 6
730 -123 -7 6
732 -143 -6 6
733 -143 -7 6
734 -131 -8 6
735 -121 -9 6
736 -101 -7 5
737 -121 13 4
738 -119 31 3
739 -139 11 0
740 -142 0 0
741 -162 -17 0
742 -155 -20 0
743 -135 -21 0
744 -115 -23 0
745 -95 -23 0
746 -80 -23 0
747 -68 -21 0
748 -58 -18 0
750 -41 -12 0
751 -33 -10 0
752 -26 -8 0
762 -6 0 0
772 0 0 0
798 -20 -20 0
799 -40 -36 0
800 -60 -48 0
801 -80 -28 0
802 -100 -14 0
803 -120 -11 0
804 -140 -9 0
805 -120 -7 0
806 -140 -26 0
807 -160 -41 0
808 -180 -53 0
809 -200 -62 0
810 -220 -70 0
811 -240 -76 0
812 -260 -80 0
813 -280 -84 0
814 -300 -86 0
815 -320 -66 0
816 -329 -46 0
817 -309 -26 0
818 -289 -6 0
819 -269 14 0
829 -249 0 0
839 -229 0 0
849 -209 0 0
859 -189 0 0
869 -169 0 0
879 -149 0 0
889 -129 0 0
899 -109 0 0
909 -89 0 0
919 -69 0 0
929 -49 0 0
939 -29 0 0
949 -9 0 0
959 0 0 5
970 0 0 8
992 0 0 9
1001 -20 16 7
1002 -40 36 6
1003 -60 16 4
1004 -80 11 4
1005 -100 31 0
1006 -119 31 0
1007 -100 28 0
1008 -81 25 0
1009 -66 22 0
1010 -55 21 0
1011 -48 23 0
1012 -68 39 0
1013 -86 54 0
1014 -100 69 0
1015 -112 83 0
1016 -122 94 0
1017 -126 74 0
1018 -106 54 0
1019 -126 49 0
1020 -146 62 0
1021 -166 70 0
1022 -180 56 0
1023 -160 45 0
1024 -140 36 4
1025 -120 29 5
1035 -100 9 7
1045 -80 0 6
1055 -60 0 5
1065 -40 0 14
1075 -20 0 16
1085 0 0 13
1105 0 0 14
1115 0 0 13
1125 0 0 10
1135 0 0 17
1146 0 0 13
1155 7 20 7
1156 13 40 6
1157 23 55 5
1158 31 65 4
1159 34 65 3
1160 40 67 0
1161 45 69 0
1162 49 72 0
1163 39 57 0
1164 32 46 0
1165 25 37 0
1166 20 29 0
1176 0 9 0
1186 0 0 5
1198 0 0 7
1220 0 0 5
1236 -20 0 9
1237 -40 6 9
1238 -60 7 10
1239 -80 6 10
1240 -100 0 10
1241 -86 0 9
1251 -66 0 6
1261 -46 0 5
1271 -26 0 9
1281 -6 0 7
1291 0 0 6
1319 0 0 12
1329 0 0 11
1336 -20 12 12
1337 -20 10 12
1338 -16 8 11
1339 -13 6 11
1341 -32 15 11
1342 -26 12 11
1343 -21 10 11
1344 -41 30 11
1345 -61 50 11
1346 -81 70 11
1347 -101 90 11
1348 -121 110 11
1349 -141 122 11
1350 -161 128 11
1351 -181 133 11
1352 -201 136 11
1353 -221 137 11
1354 -241 139 11
1355 -261 138 11
1356 -281 137 12
1357 -301 136 12
1358 -321 135 12
1359 -333 135 12
1360 -335 136 11
1361 -337 138 11
1362 -341 143 11
1363 -344 149 11
1364 -346 154 11
1365 -348 157 12
1366 -350 160 12
1367 -351 160 12
1368 -331 140 12
1369 -311 131 12
1371 -291 134 12
1372 -276 140 12
1373 -292 149 11
1375 -312 162 10
1376 -292 144 9
1377 -272 130 8
1378 -252 120 8
1379 -232 112 8
1380 -212 123 7
1381 -216 133 7
1384 -210 132 7
1385 -230 141 7
1386 -220 141 7
1387 -240 149 7
1388 -220 129 7
1389 -200 109 7
1392 -180 89 8
1393 -160 96 8
1394 -180 111 7
1395 -200 128 7
1396 -220 141 7
1397 -240 152 7
1398 -260 159 6
1399 -280 166 6
1400 -300 171 5
1401 -320 176 4
1402 -300 156 3
1403 -280 136 0
1408 -260 116 0
1409 -240 123 0
1410 -253 136 0
1411 -273 147 0
1413 -293 163 0
1414 -313 169 0
1415 -322 174 0
1416 -329 180 0
1418 -339 189 0
1419 -342 192 0
1420 -345 195 0
1421 -347 198 0
1423 -350 201 0
1424 -351 202 0
1426 -353 203 0
1428 -333 183 0
1429 -313 163 0
1430 -293 153 0
1431 -273 133 0
1432 -253 113 0
1433 -233 93 0
1435 -213 73 0
1436 -193 74 0
1437 -173 79 0
1438 -153 79 0
1439 -133 73 0
1440 -113 93 0
1441 -133 112 0
1442 -153 124 0
1443 -173 133 0
1444 -193 138 0
1445 -213 140 0
1446 -233 139 0
1447 -253 138 0
1448 -273 137 0
1449 -293 134 0
1450 -313 129 0
1451 -333 126 0
1452 -337 118 0
1453 -341 111 0
1454 -321 91 0
1455 -301 71 0
1456 -297 54 0
1457 -309 52 0
1458 -318 48 0
1459 -326 47 0
1461 -336 43 0
1462 -340 43 0
1463 -343 43 0
1464 -346 44 0
1465 -347 47 0
1466 -349 53 0
1468 -352 66 0
1469 -353 75 0
1470 -353 80 0
1471 -333 60 0
1472 -313 43 0
1473 -293 54 3
1474 -273 72 4
1476 -253 92 7
1478 -233 112 10
1479 -213 132 10
1481 -193 152 12
1482 -173 132 12
1483 -153 112 12
1484 -133 92 12
1494 -113 72 8
1499 -93 52 8
1500 -73 32 8
1501 -53 12 8
1502 -42 7 7
1503 -33 6 7
1504 -27 0 8
1505 -47 20 8
1506 -67 17 7
1508 -63 13 7
1509 -66 12 7
1510 -86 27 7
1511 -106 21 7
1512 -126 41 8
1513 -146 61 8
1514 -166 80 8
1515 -186 91 8
1516 -206 101 8
1517 -226 108 8
1518 -246 114 8
1520 -266 123 8
1521 -286 128 8
1522 -280 108 8
1523 -295 112 7
1524 -307 124 7
1525 -287 106 8
1526 -267 86 8
1527 -247 68 9
1528 -227 63 9
1529 -207 59 9
1530 -187 47 8
1531 -167 38 8
1532 -147 30 8
1542 -127 10 0
1548 -107 5 0
1549 -87 25 0
1550 -107 45 0
1551 -127 65 0
1552 -147 85 0
1553 -167 105 0
1555 -187 125 0
1556 -207 136 0
1559 -227 150 0
1560 -247 153 0
1561 -267 156 0
1562 -287 158 0
1563 -307 160 0
1564 -327 162 0
1565 -347 163 0
1566 -349 164 0
1568 -352 165 0
1569 -353 166 0
1570 -353 166 0
1571 -354 166 0
1572 -354 167 0
1573 -355 167 0
1574 -355 168 0
1575 -355 168 0
1576 -355 168 0
1577 -355 169 0
1578 -356 169 0
1579 -356 169 0
1581 -356 169 0
1582 -356 169 0
1583 -356 169 0
1584 -356 169 0
1585 -356 169 0
1586 -356 170 0
1587 -356 171 0
1588 -356 173 0
1589 -356 174 0
1590 -356 175 0
1591 -336 155 0
1592 -316 135 0
1593 -296 115 0
1594 -276 95 0
1595 -256 106 0
1596 -236 90 0
1597 -216 78 0
1598 -196 69 0
1599 -176 61 0
1600 -156 81 0
1601 -176 101 0
1602 -161 93 0
1603 -141 81 0
1604 -121 71 0
1605 -141 91 0
1606 -135 83 0
1607 -115 73 0
1608 -97 65 0
1610 -77 52 0
1611 -66 48 0
1613 -56 43 0
1614 -52 41 0
1617 -45 36 0
1619 -41 34 0
1620 -40 32 0
1622 -38 31 0
1623 -38 30 0
1624 -39 30 0
1627 -19 24 0
1628 0 22 0
1629 -20 42 0
1630 -40 62 0
1631 -60 67 0
1632 -80 87 0
1633 -100 107 0
1634 -120 88 0
1635 -105 73 0
1636 -85 60 0
1637 -65 50 0
1638 -45 42 0
1639 -25 36 0
1640 -45 56 0
1641 -58 53 0
1642 -38 44 0
1643 -58 64 0
1644 -78 84 0
1645 -98 104 0
1646 -118 89 0
1647 -105 73 0
1648 -125 93 0
1649 -145 111 0
1650 -165 125 0
1651 -185 137 0
1653 -205 153 0
1655 -225 133 0
1656 -205 113 0
1657 -185 93 0
1658 -165 73 0
1659 -145 58 0
1660 -125 48 0
1662 -105 34 0
1663 -85 28 0
1664 -65 24 0
1665 -45 21 0
1666 -25 19 0
1667 -45 39 0
1668 -26 44 0
1669 -9 37 0
1670 0 32 0
1671 15 28 0
1672 25 25 0
1673 32 23 0
1674 37 21 0
1675 42 19 0
1676 45 17 0
1678 52 15 0
1680 56 13 0
1681 57 13 0
1682 59 12 0
1683 59 12 0
1684 60 11 0
1686 62 11 0
1687 62 11 0
1688 63 10 0
1689 63 10 0
1691 63 10 0
1694 64 10 0
1696 64 10 0
1697 44 30 0
1698 24 38 0
1699 10 33 0
1700 21 28 0
1701 30 25 0
1702 37 23 0
1703 42 21 0
1704 46 20 0
1708 53 18 0
1709 53 18 0
1711 51 18 0
1712 47 19 0
1713 43 20 0
1714 40 21 0
1715 39 20 0
1716 39 19 0
1717 39 20 0
1718 40 20 0
1719 20 40 0
1720 0 50 0
1721 -10 48 0
1722 0 48 0
1723 6 48 0
1724 0 39 0
1725 0 31 0
1726 0 25 0
1727 0 20 0
1737 0 0 10
1744 -12 15 8
1745 -22 26 8
1746 -28 33 8
1747 -22 27 8
1748 -18 21 7
1749 -38 41 7
1750 -58 61 7
1751 -78 81 7
1752 -98 101 7
1753 -118 121 7
1754 -138 139 7
1755 -158 146 7
1756 -178 152 7
1757 -198 157 7
1758 -218 160 7
1759 -238 162 7
1760 -258 164 7
1761 -278 165 7
1762 -298 166 7
1763 -283 146 7
1764 -297 145 7
1765 -309 151 8
1766 -318 155 8
1767 -325 158 8
1768 -331 161 8
1769 -336 163 8
1770 -316 145 8
1771 -296 125 8
1772 -276 105 8
1776 -256 85 8
1777 -236 65 8
1778 -216 74 8
1779 -196 91 8
1780 -176 104 8
1781 -156 84 8
1782 -136 67 8
1783 -116 53 8
1784 -96 43 8
1785 -76 48 8
1786 -56 38 8
1787 -76 58 7
1788 -96 78 7
1789 -116 73 6
1790 -101 60 6
1791 -86 50 6
1792 -106 70 6
1793 -126 90 6
1794 -146 110 6
1795 -166 130 6
1796 -186 145 6
1797 -206 152 7
1798 -226 159 7
1799 -246 164 7
1800 -263 144 7
1801 -281 149 8
1802 -296 156 8
1803 -308 160 8
1804 -317 163 8
1805 -297 143 9
1806 -277 123 9
1816 -257 103 9
1824 -237 83 9
1825 -217 67 9
1826 -197 87 9
1827 -212 107 9
1828 -232 127 8
1829 -252 142 8
1830 -272 153 8
1831 -292 161 8
1832 -309 168 8
1833 -318 171 8
1834 -325 173 8
1836 -336 175 8
1837 -340 175 9
1838 -343 174 9
1839 -345 172 9
1840 -347 168 9
1841 -349 164 10
1842 -350 161 10
1843 -351 159 10
1844 -352 158 10
1845 -352 159 10
1846 -352 160 11
1847 -353 163 10
1848 -353 166 10
1849 -353 170 10
1850 -333 150 10
1851 -313 130 9
1852 -293 136 9
1853 -288 148 9
1854 -301 158 9
1855 -312 167 9
1856 -321 173 9
1857 -328 182 9
1858 -333 189 9
1859 -337 196 9
1862 -346 208 9
1863 -348 211 8
1864 -350 213 8
1865 -351 218 8
1866 -352 219 8
1867 -353 217 8
1870 -354 215 7
1871 -355 217 7
1872 -355 218 7
1873 -354 221 7
1874 -355 224 7
1875 -355 226 6
1876 -355 229 6
1877 -355 230 5
1878 -355 229 4
1880 -354 227 0
1881 -354 225 0
1882 -354 221 0
1884 -344 212 0
1885 -338 208 0
1886 -333 205 0
1887 -327 204 0
1888 -322 203 0
1892 -307 201 0
1893 -305 202 0
1894 -303 200 0
1895 -300 198 0
1896 -298 196 4
1897 -297 195 4
1898 -296 194 4
1901 -294 190 5
1902 -294 190 5
1903 -295 191 5
1904 -297 192 6
1905 -301 196 6
1906 -306 200 6
1907 -310 203 6
1909 -321 210 7
1910 -326 214 7
1911 -327 215 7
1912 -327 216 8
1913 -325 215 8
1914 -328 216 8
1915 -328 216 8
1916 -327 216 9
1917 -328 216 9
1918 -331 217 9
1919 -311 197 9
1920 -291 177 8
1921 -271 157 7
1922 -251 137 6
1923 -231 154 5
1924 -220 171 5
1925 -240 184 5
1926 -260 195 5
1927 -276 204 5
1928 -290 211 5
1929 -300 217 6
1930 -308 222 6
1931 -315 226 6
1932 -322 227 6
1933 -328 228 6
1934 -333 230 7
1935 -337 230 7
1936 -341 231 7
1937 -344 231 7
1938 -346 230 7
1939 -348 229 8
1940 -349 228 8
1941 -350 229 8
1942 -351 227 8
1943 -352 227 8
1944 -353 227 9
1945 -353 226 9
1946 -353 223 8
1948 -354 217 8
1949 -354 215 8
1951 -354 212 8
1952 -355 211 7
1954 -355 210 7
1955 -355 211 7
1956 -355 214 7
1958 -355 220 8
1959 -355 222 9
1960 -355 225 9
1961 -355 227 9
1962 -356 228 10
1963 -356 229 10
1964 -355 229 10
1965 -356 230 9
1966 -356 230 9
1967 -356 230 9
1969 -356 230 9
1970 -356 229 9
1971 -356 228 9
1972 -356 227 9
1973 -356 225 9
1974 -356 222 9
1975 -355 219 9
1976 -355 216 9
1977 -355 214 9
1978 -355 212 9
1979 -355 210 9
1980 -355 207 9
1981 -355 205 9
1985 -355 200 9
1987 -356 198 8
1988 -356 197 8
1990 -356 195 7
1991 -355 194 7
1992 -355 196 7
1993 -355 198 7
1994 -355 201 7
1995 -355 205 7
1996 -355 209 8
1997 -355 213 8
1998 -355 217 9
1999 -355 220 9
2000 -335 200 10
2001 -315 180 9
2002 -295 160 9
2012 -275 140 6
2021 -255 120 0
2022 -235 100 0
2023 -215 96 0
2024 -195 116 0
2025 -204 136 0
2026 -224 156 0
2027 -244 176 0
2028 -264 190 0
2029 -284 200 0
2030 -304 207 0
2031 -315 213 0
2032 -323 218 0
2035 -339 227 0
2036 -342 229 0
2037 -344 230 0
2038 -347 230 0
2039 -348 230 0
2040 -350 231 0
2041 -351 230 0
2042 -352 230 0
2043 -352 230 0
2044 -353 230 0
2045 -353 230 0
2046 -354 230 0
2048 -354 230 0
2049 -354 230 0
2050 -354 230 0
2051 -355 229 0
2052 -355 228 0
2053 -355 227 0
2054 -355 226 0
2055 -355 225 0
2056 -355 224 0
2057 -355 225 0
2058 -355 226 3
2059 -355 227 4
2060 -355 225 4
2061 -355 225 4
2062 -355 225 5
2063 -355 225 4
2064 -355 226 0
2065 -355 228 0
2066 -355 228 3
2067 -355 228 4
2070 -355 228 6
2071 -355 229 7
2072 -355 230 7
2073 -335 210 7
2074 -315 190 7
2078 -295 170 7
2079 -275 150 7
2080 -255 130 7
2081 -235 110 7
2086 -215 90 0
2087 -195 70 0
2088 -175 77 0
2089 -155 91 0
2090 -135 111 0
2091 -121 128 0
2092 -141 146 0
2093 -161 161 0
2094 -181 172 0
2095 -201 181 0
2096 -221 188 0
2097 -241 194 0
2098 -261 199 0
2099 -281 203 0
2100 -301 209 0
2101 -321 214 0
2102 -335 214 0
2103 -339 218 0
2104 -342 216 0
2105 -344 215 0
2106 -346 215 0
2107 -348 214 0
2108 -349 214 0
2109 -350 215 0
2110 -351 214 0
2111 -352 214 0
2113 -353 213 0
2114 -354 213 0
2115 -354 213 0
2116 -354 213 0
2117 -355 213 0
2118 -355 212 0
2119 -355 210 0
2120 -355 209 0
2121 -355 207 0
2122 -355 205 0
2123 -355 204 0
2124 -355 202 0
2125 -355 201 0
2126 -355 200 0
2127 -355 199 0
2128 -355 198 0
2129 -355 196 0
2130 -355 196 0
2131 -355 195 0
2132 -355 196 0
2133 -355 198 0
2134 -355 200 0
2136 -355 204 0
2137 -355 205 3
2138 -355 206 4
2139 -355 207 4
2140 -355 207 5
2141 -355 207 4
2142 -355 208 0
2143 -355 208 0
2144 -355 209 0
2145 -355 210 0
2146 -355 210 0
2147 -355 210 0
2148 -355 210 0
2149 -355 210 0
2150 -355 212 0
2151 -355 212 0
2152 -355 212 0
2153 -355 212 0
2154 -355 212 0
2155 -355 213 0
2160 -355 212 0
2161 -355 212 0
2162 -355 215 0
2163 -355 215 0
2164 -355 216 0
2165 -355 216 0
2166 -355 216 0
2167 -355 216 0
2169 -355 217 0
2170 -355 218 0
2171 -355 218 0
2172 -355 219 0
2173 -355 218 3
2174 -355 218 5
2175 -355 221 6
2176 -355 223 7
2177 -355 224 8
2178 -355 226 8
2179 -354 227 9
2180 -353 229 9
2181 -353 229 9
2182 -353 229 9
2183 -353 229 9
2184 -333 209 9
2185 -313 189 9
2186 -293 169 9
2187 -273 149 8
2188 -253 129 8
2189 -233 109 8
2190 -213 89 8
2191 -193 69 7
2193 -173 49 6
2194 -155 29 6
2196 -151 9 6
2197 -150 -11 6
2198 -148 -31 6
2199 -147 -33 6
2200 -146 -33 6
2201 -145 -33 6
2202 -143 -32 6
2203 -163 -12 6
2204 -183 8 6
2205 -203 28 7
2206 -217 48 7
2207 -237 68 7
2208 -257 88 7
2209 -277 108 7
2210 -294 128 6
2211 -306 148 6
2212 -316 168 5
2213 -296 148 4
2214 -285 154 3
2215 -299 170 0
2216 -279 150 0
2217 -272 142 0
2218 -289 161 0
2219 -302 177 0
2220 -313 189 0
2222 -328 207 0
2223 -333 214 0
2224 -337 220 0
2226 -341 227 0
2227 -342 230 0
2229 -342 234 0
2230 -341 236 0
2231 -341 237 0
2232 -340 238 0
2233 -339 239 0
2234 -338 240 0
2235 -337 240 0
2236 -337 240 0
2237 -338 241 0
2238 -338 241 0
2241 -341 241 0
2242 -342 241 0
2243 -344 241 0
2244 -345 241 0
2245 -346 241 0
2246 -347 241 0
2247 -348 241 0
2250 -350 241 0
2252 -351 241 0
2254 -351 241 0
2255 -351 241 0
2256 -351 241 0
2257 -351 241 0
2260 -351 241 0
2262 -350 241 0
2263 -349 241 0
2264 -346 241 0
2265 -344 241 0
2266 -342 241 0
2267 -340 242 0
2268 -337 242 0
2269 -335 242 0
2270 -333 242 0
2271 -331 242 0
2272 -329 242 0
2273 -327 242 0
2274 -325 242 0
2276 -322 242 0
2277 -321 242 0
2278 -320 242 0
2279 -318 242 0
2280 -317 242 0
2281 -316 242 0
2282 -314 242 0
2283 -312 242 0
2284 -311 241 0
2286 -310 241 0
2287 -308 241 0
2288 -307 241 0
2289 -306 241 0
2290 -305 241 0
2291 -304 241 0
2292 -303 240 0
2294 -303 241 0
2295 -302 241 0
2296 -302 241 0
2297 -302 241 0
2298 -302 241 0
2300 -302 241 0
2301 -302 241 0
2302 -301 240 0
2303 -301 241 0
2304 -301 241 0
2305 -302 241 0
2306 -302 241 0
2307 -302 241 0
2308 -301 241 0
2310 -300 241 0
2313 -299 241 0
2315 -299 242 0
2317 -310 222 0
2318 -308 214 0
2319 -306 219 0
2320 -304 224 0
2321 -302 228 0
2322 -299 230 0
2323 -297 233 0
2324 -294 235 0
2325 -290 236 0
2326 -270 216 0
2327 -250 196 0
2328 -246 205 0
2329 -226 185 3
2330 -209 178 0
2331 -222 190 3
2332 -202 170 4
2333 -195 169 4
2334 -207 184 5
2335 -218 195 5
2336 -226 205 6
2337 -233 212 6
2338 -213 192 6
2339 -193 172 7
2340 -186 156 7
2341 -202 173 7
2342 -216 186 7
2343 -231 197 8
2344 -243 205 8
2345 -256 212 8
2346 -271 218 7
2347 -286 222 7
2348 -296 224 7
2349 -307 227 6
2350 -315 228 6
2351 -322 229 5
2352 -329 229 4
2353 -333 228 3
2354 -337 230 0
2355 -341 231 0
2356 -340 233 0
2357 -331 234 0
2358 -312 236 3
2359 -294 237 4
2360 -279 238 5
2361 -261 238 6
2362 -246 239 6
2363 -226 219 6
2364 -206 199 6
2365 -186 179 5
2375 -166 159 0
2385 -146 139 0
2395 -126 119 0
2405 -106 99 5
2415 -86 79 8
2425 -66 59 9
2435 -46 39 8
2445 -26 19 8
2455 -6 0 6
2460 14 20 0
2461 27 39 0
2462 42 52 0
2463 55 62 0
2464 67 66 0
2465 78 66 0
2466 86 66 0
2467 91 70 0
2468 94 74 0
2469 93 78 0
2470 91 80 0
2471 89 81 0
2473 79 86 0
2475 70 93 0
2476 50 109 0
2477 30 112 0
2478 10 116 0
2479 -10 119 4
2480 -30 122 5
2482 -50 121 6
2483 -49 120 6
2484 -45 116 6
2485 -42 112 6
2486 -62 118 6
2487 -82 115 5
2488 -62 113 4
2489 -47 112 3
2490 -35 111 0
2491 -27 111 0
2492 -20 111 0
2493 -13 111 0
2494 -7 112 0
2495 0 114 0
2496 0 116 0
2497 6 119 0
2498 11 122 0
2499 14 126 0
2500 18 130 0
2501 20 133 0
2502 21 137 0
2503 21 143 0
2504 20 147 0
2505 20 150 0
2506 20 153 0
2507 19 154 0
2508 17 155 0
2509 -3 170 0
2510 -23 161 0
2511 -43 165 0
2512 -63 169 0
2513 -83 160 0
2514 -83 153 0
2515 -63 145 0
2516 -43 140 0
2517 -63 159 0
2518 -65 154 0
2519 -45 150 0
2520 -25 147 0
2521 -8 144 0
2522 0 140 0
2523 8 137 0
2525 -12 155 0
2526 -32 172 0
2527 -52 186 0
2528 -72 197 0
2529 -92 177 0
2530 -112 157 0
2531 -132 167 0
2532 -152 182 0
2533 -172 193 0
2534 -192 203 0
2535 -212 210 0
2536 -232 215 0
2537 -252 220 0
2538 -272 223 0
2539 -292 225 0
2541 -312 229 0
2542 -332 230 0
2543 -343 232 0
2545 -347 233 0
2546 -349 233 0
2548 -351 234 0
2550 -353 235 0
2551 -353 235 0
2552 -353 235 0
2553 -354 235 0
2554 -354 235 0
2555 -354 235 0
2557 -355 235 0
2562 -355 233 0
2567 -354 235 0
2568 -354 235 0
2578 -354 236 0
2579 -354 237 0
2586 -354 239 0
2588 -354 239 0
2593 -353 240 0
2601 -347 241 0
2602 -346 241 0
2606 -343 241 0
2610 -343 241 0
2611 -344 241 0
2613 -345 241 0
2614 -346 241 0
2615 -347 241 0
2616 -348 241 0
2617 -348 241 0
2618 -348 241 0
2619 -348 241 0
2620 -347 241 0
2621 -345 241 0
2623 -346 241 4
2624 -343 241 5
2625 -340 241 6
2626 -337 241 7
2627 -333 241 8
2628 -331 241 8
2629 -330 241 9
2630 -328 241 10
2631 -326 241 10
2632 -325 241 10
2633 -328 241 10
2634 -328 241 10
2635 -330 241 10
2636 -335 241 9
2637 -335 241 9
2638 -338 241 9
2639 -332 241 9
2640 -329 241 8
2641 -327 242 8
2642 -324 242 8
2643 -304 222 8
2644 -284 213 8
2645 -288 219 8
2646 -296 223 8
2647 -302 227 7
2651 -322 235 7
2652 -330 236 7
2653 -334 237 7
2654 -337 238 7
2655 -340 238 7
2656 -342 238 7
2657 -344 238 7
2658 -346 238 7
2659 -348 237 6
2660 -349 236 6
2661 -350 236 6
2662 -351 234 7
2664 -352 233 7
2665 -353 232 7
2666 -353 231 6
2667 -353 229 6
2668 -354 228 6
2669 -354 227 6
2670 -354 227 6
2671 -354 228 6
2672 -354 230 6
2673 -354 230 6
2674 -355 229 7
2676 -335 209 6
2677 -315 189 5
2678 -295 169 4
2688 -275 149 0
2696 -255 129 0
2697 -235 109 0
2698 -215 89 0
2699 -195 100 0
2700 -175 117 0
2701 -155 131 0
2702 -153 151 0
2703 -149 158 0
2705 -169 178 0
2707 -189 171 0
2708 -169 151 0
2709 -189 168 0
2710 -209 181 0
2711 -229 191 0
2714 -249 211 0
2715 -239 191 0
2716 -219 173 0
2717 -199 163 0
2718 -179 155 0
2720 -159 143 0
2721 -139 138 0
2722 -119 134 0
2723 -99 121 0
2724 -79 120 0
2725 -59 123 0
2726 -39 112 0
2727 -19 103 0
2728 -13 109 0
2729 -15 112 0
2730 -35 132 0
2731 -55 152 0
2732 -75 170 0
2735 -95 153 0
2736 -115 133 0
2737 -135 141 0
2738 -155 155 0
2740 -175 174 0
2742 -195 188 0
2744 -215 195 0
2745 -235 199 0
2747 -255 209 0
2748 -275 214 0
2749 -295 218 0
2750 -315 221 0
2751 -335 224 0
2752 -349 227 0
2753 -350 229 0
2754 -350 230 0
2756 -352 227 0
2757 -353 227 0
2758 -353 228 0
2761 -354 229 0
2762 -354 229 0
2763 -355 231 0
2764 -355 232 0
2765 -355 232 0
2766 -355 231 0
2767 -352 233 0
2768 -353 231 0
2769 -349 233 0
2772 -352 231 0
2773 -352 232 0
2774 -353 233 0
2775 -353 233 0
2776 -354 232 0
2777 -334 212 0
2778 -314 192 0
2784 -294 172 0
2785 -274 152 0
2786 -254 139 0
2787 -237 158 0
2788 -257 172 0
2789 -277 184 0
2790 -294 192 0
2791 -306 200 0
2793 -324 209 0
2794 -330 213 0
2795 -335 215 0
2796 -339 217 0
2798 -344 226 0
2799 -347 226 0
2800 -348 227 0
2801 -350 226 0
2802 -351 227 0
2803 -352 227 0
2804 -352 227 0
2805 -353 227 0
2806 -353 227 0
2807 -352 230 0
2808 -352 230 0
2810 -353 229 0
2812 -354 227 0
2815 -355 226 0
2816 -355 227 0
2817 -355 227 0
2819 -355 227 0
2820 -355 228 0
2821 -355 228 0
2822 -355 229 0
2823 -355 231 0
2824 -355 231 0
2825 -355 230 0
2826 -355 231 0
2827 -355 231 0
2828 -355 231 0
2829 -355 232 0
2830 -355 232 0
2831 -355 233 0
2832 -355 233 0
2833 -355 234 0
2834 -355 234 0
2835 -355 235 0
2836 -355 235 0
2837 -355 234 0
2839 -355 236 0
2840 -355 237 0
2841 -354 237 0
2842 -354 237 0
2843 -354 237 0
2844 -354 237 0
2845 -354 237 0
2846 -354 237 0
2850 -355 237 0
2851 -355 237 0
2853 -355 237 0
2854 -355 237 0
2855 -355 237 0
2859 -355 237 0
2863 -354 237 0
2865 -354 237 0
2869 -350 239 0
2870 -331 239 0
2871 -315 240 0
2872 -302 240 0
2874 -283 240 0
2876 -271 241 0
2877 -266 241 0
2880 -256 241 0
2881 -253 241 0
2883 -249 241 0
2884 -246 241 0
2885 -245 241 0
2886 -243 241 0
2887 -241 241 0
2888 -240 241 0
2889 -239 241 0
2890 -238 241 0
2891 -237 241 0
2892 -237 241 0
2893 -236 241 0
2894 -237 241 0
2895 -237 241 0
2896 -237 241 0
2897 -238 241 0
2898 -239 241 0
2899 -241 241 0
2900 -242 241 0
2901 -243 241 0
2902 -263 221 0
2903 -262 224 0
2904 -260 228 0
2905 -258 230 0
2906 -257 232 0
2907 -276 212 0
2908 -272 198 0
2909 -268 207 0
2910 -266 214 0
2911 -263 219 3
2912 -262 224 5
2913 -280 227 6
2914 -275 230 7
2915 -270 232 7
2916 -268 234 8
2917 -266 235 8
2918 -264 236 9
2919 -281 237 8
2920 -295 238 8
2921 -305 239 8
2922 -313 239 8
2923 -302 240 8
2924 -294 240 8
2925 -287 241 8
2926 -284 241 8
2928 -281 241 9
2930 -281 242 9
2932 -283 242 9
2933 -283 242 9
2934 -283 242 9
2935 -283 241 9
2936 -283 242 9
2937 -284 242 9
2938 -284 242 9
2939 -284 242 8
2941 -286 241 8
2942 -289 242 8
2944 -291 241 8
2945 -291 241 7
2947 -297 241 7
2948 -302 241 7
2949 -304 241 7
2950 -309 241 7
2952 -319 241 7
2953 -322 241 6
2954 -326 241 6
2956 -331 241 6
2957 -323 241 6
2958 -310 241 6
2959 -299 241 6
2960 -290 242 6
2961 -282 242 5
2962 -274 242 5
2963 -268 242 5
2964 -262 242 7
2965 -257 241 7
2966 -252 241 8
2967 -249 241 9
2968 -247 241 9
2969 -245 241 9
2970 -265 221 10
2971 -285 201 10
2972 -289 181 10
2973 -291 161 10
2974 -281 154 9
2975 -272 171 9
2976 -266 185 9
2977 -260 196 9
2979 -255 212 9
2980 -269 218 9
2981 -264 223 9
2982 -260 227 9
2983 -258 229 9
2984 -258 232 9
2985 -257 234 8
2986 -257 235 8
2987 -257 236 8
2988 -256 237 8
2989 -256 238 8
2991 -250 239 9
2992 -247 239 9
2994 -241 240 9
2995 -238 240 9
2996 -236 240 9
2997 -236 241 9
2999 -247 241 8
3000 -256 241 8
3001 -264 241 8
3002 -270 242 8
3004 -276 242 8
3005 -275 242 7
3006 -265 242 7
3007 -251 242 7
3009 -231 242 7
3010 -211 241 7
3011 -195 241 7
3012 -185 241 7
3013 -176 241 7
3015 -163 241 7
3016 -156 241 6
3017 -151 241 6
3018 -145 241 6
3019 -141 241 6
3020 -137 241 6
3021 -134 241 6
3023 -129 241 5
3024 -127 241 5
3025 -125 241 5
3026 -124 241 5
3029 -119 241 5
3030 -118 241 5
3032 -115 241 5
3034 -113 241 5
3036 -111 241 5
3037 -110 241 5
3038 -109 241 5
3039 -109 241 5
3040 -108 241 5
3042 -108 241 5
3045 -108 241 5
3046 -108 242 5
3047 -108 242 5
3048 -108 242 4
3049 -107 242 3
3050 -107 241 0
3051 -107 241 0
3053 -106 241 0
3054 -106 241 0
3055 -106 242 0
3056 -106 242 0
3057 -105 242 0
3058 -105 242 0
3059 -104 242 0
3060 -101 241 3
3061 -98 242 4
3062 -96 242 4
3063 -94 242 5
3064 -91 242 5
3065 -89 242 5
3066 -86 242 5
3067 -84 242 6
3068 -82 241 6
3069 -82 242 6
3070 -81 241 6
3071 -78 241 6
3072 -77 241 6
3073 -75 242 6
3074 -74 241 6
3075 -74 242 7
3076 -74 241 7
3077 -76 242 7
3078 -77 241 7
3079 -79 241 7
3080 -82 241 7
3081 -89 241 7
3082 -95 241 7
3083 -102 241 7
3084 -107 241 7
3085 -112 241 6
3086 -118 241 6
3087 -123 241 5
3088 -128 241 4
3089 -131 240 3
3091 -135 240 0
3092 -135 241 0
3093 -132 241 0
3094 -130 241 0
3095 -128 241 0
3096 -124 241 0
3097 -117 241 0
3098 -110 241 0
3099 -102 241 0
3100 -95 241 4
3101 -89 241 4
3102 -83 241 5
3103 -66 221 5
3104 -53 201 5
3105 -54 181 6
3106 -55 186 6
3107 -56 197 6
3108 -76 177 6
3109 -96 185 6
3110 -96 196 7
3111 -89 205 7
3113 -81 218 7
3114 -77 223 7
3115 -73 227 7
3117 -68 232 7
3118 -66 234 7
3119 -65 235 7
3120 -63 237 7
3121 -63 238 7
3123 -61 239 6
3124 -61 239 6
3125 -61 240 6
3126 -61 240 5
3127 -46 220 4
3128 -40 200 3
3129 -26 180 0
3130 -32 175 0
3131 -37 188 0
3132 -42 199 0
3133 -45 207 0
3134 -48 214 0
3135 -50 219 0
3136 -52 223 0
3137 -53 227 0
3138 -54 230 0
3139 -55 232 0
3140 -55 234 0
3141 -54 235 0
3142 -53 237 0
3143 -51 238 0
3144 -47 238 0
3145 -42 239 0
3146 -38 240 0
3147 -33 240 0
3148 -25 220 0
3149 -18 200 0
3150 -14 180 0
3151 -13 160 0
3152 -13 149 0
3153 -33 136 0
3154 -53 125 0
3155 -73 105 0
3156 -71 85 0
3157 -57 66 0
3158 -46 53 0
3159 -37 42 0
3169 -17 22 0
3170 -7 42 0
3171 -11 62 0
3172 6 73 0
3173 0 93 0
3174 -9 113 0
3175 -16 133 0
3176 -22 153 0
3177 -28 173 0
3178 -33 193 0
3179 -37 206 0
3180 -40 213 0
3181 -32 193 0
3182 -26 173 0
3183 -21 153 0
3184 -16 133 0
3194 0 113 0
3200 20 93 0
3201 36 73 0
3202 49 53 0
3203 59 33 0
3204 66 38 0
3205 46 58 0
3206 26 78 0
3207 6 73 0
3208 -14 68 0
3209 -13 64 0
3210 0 60 0
3211 14 56 0
3212 22 54 0
3213 29 51 0
3215 39 49 0
3216 46 49 0
3217 49 49 0
3218 29 63 0
3219 9 60 0
3220 8 58 0
3222 28 59 0
3223 45 60 0
3224 52 60 0
3225 58 60 0
3226 61 60 0
3227 65 61 0
3228 66 61 0
3229 68 61 0
3230 70 60 0
3231 73 60 0
3232 78 60 0
3233 81 58 0
3234 86 54 0
3235 89 51 0
3236 93 48 0
3237 96 45 0
3238 97 43 0
3239 97 42 0
3240 77 34 0
3241 62 27 0
3242 42 43 0
3243 22 41 0
3244 13 41 0
3245 23 42 0
3247 37 44 0
3248 43 43 0
3249 47 44 0
3250 27 64 0
3251 7 51 0
3252 -13 41 0
3253 -17 33 0
3263 0 13 0
3273 0 0 0
3313 20 16 0
3314 40 33 0
3315 54 45 0
3316 64 56 0
3317 71 62 0
3318 77 65 0
3319 82 67 0
3320 86 70 0
3321 88 73 0
3322 89 75 0
3323 91 77 0
3324 93 75 0
3325 95 73 0
3326 96 71 0
3327 97 69 0
3328 98 66 0
3329 100 64 0
3330 102 62 0
3331 104 59 0
3332 106 57 0
3333 109 55 0
3335 119 54 0
3336 125 55 0
3337 128 54 0
3338 131 53 0
3340 137 53 0
3341 138 51 0
3342 140 49 0
3343 140 48 0
3344 141 47 0
3345 121 38 0
3346 101 30 0
3347 81 24 0
3348 61 19 0
3358 41 0 0
3368 21 0 0
3378 1 0 0
3396 0 0 0
3422 0 0 5
3447 0 0 6
3458 0 0 5
3464 -20 6 15
3465 -39 0 15
3466 -31 0 15
3467 -25 0 15
3468 -20 0 16
3478 0 0 11
3488 0 0 7
3491 0 -20 6
3492 -20 -32 6
3493 -40 -35 6
3494 -60 -41 6
3495 -80 -43 6
3496 -75 -45 6
3497 -95 -42 6
3498 -109 -46 6
3499 -93 -51 6
3500 -79 -55 6
3501 -68 -58 6
3502 -60 -61 6
3503 -54 -63 6
3504 -46 -65 6
3505 -40 -65 6
3506 -32 -66 5
3507 -25 -66 4
3508 -18 -65 4
3509 -14 -65 0
3510 -11 -65 0
3511 -8 -65 0
3512 -8 -64 0
3513 -11 -62 0
3515 -17 -55 4
3516 -19 -52 4
3517 -23 -49 4
3518 -27 -46 4
3519 -32 -43 5
3520 -35 -41 5
3521 -55 -31 5
3522 -75 -31 5
3523 -83 -30 5
3524 -87 -37 6
3525 -69 -29 6
3526 -55 -24 6
3527 -44 -19 6
3528 -36 -15 6
3538 -16 0 7
3548 0 0 6
3563 0 0 0
3615 0 0 4
3625 0 0 7
3657 0 0 8
3670 0 0 0
3691 20 20 0
3693 40 40 0
3694 60 60 0
3695 80 80 0
3696 100 100 0
3697 119 120 0
3698 99 100 0
3699 79 80 0
3702 71 72 0
3703 88 87 0
3704 99 99 0
3705 107 109 0
3706 112 116 0
3707 92 96 0
3708 72 76 0
3709 57 60 0
3710 37 80 0
3711 17 100 0
3712 -3 120 0
3713 -23 140 0
3714 -43 160 0
3715 -63 180 0
3716 -83 200 0
3717 -103 210 0
3718 -123 217 0
3719 -143 221 0
3720 -163 225 0
3721 -183 228 0
3722 -203 231 0
3723 -223 232 0
3724 -243 233 0
3725 -263 233 0
3726 -283 232 0
3727 -303 231 0
3728 -323 230 0
3729 -343 228 0
3730 -349 225 0
3731 -350 220 0
3733 -352 215 0
3734 -353 216 0
3735 -333 196 0
3736 -313 176 0
3737 -293 156 0
3738 -273 136 0
3740 -253 116 0
3741 -233 96 0
3742 -238 85 0
3743 -258 104 0
3744 -278 121 0
3745 -295 134 0
3746 -307 144 0
3747 -317 153 0
3748 -324 159 0
3749 -331 166 0
3750 -335 172 0
3751 -339 176 0
3752 -342 180 0
3753 -345 185 0
3754 -347 188 0
3755 -349 191 0
3756 -350 192 0
3757 -351 192 0
3758 -351 194 0
3761 -353 200 0
3762 -354 203 0
3763 -354 209 0
3764 -354 212 0
3765 -354 216 0
3766 -355 220 0
3767 -355 222 0
3768 -355 225 0
3769 -354 228 0
3770 -354 230 0
3771 -354 232 0
3772 -354 233 3
3773 -353 235 4
3774 -333 215 4
3775 -313 195 4
3776 -293 175 4
3783 -273 155 4
3784 -253 135 3
3785 -233 115 0
3786 -213 95 0
3787 -193 75 0
3788 -173 66 0
3789 -153 86 0
3790 -135 101 0
3791 -143 117 0
3792 -150 130 0
3793 -130 117 0
3794 -150 134 0
3795 -170 144 3
3796 -190 157 0
3797 -210 168 0
3799 -230 188 0
3800 -250 204 0
3801 -270 211 0
3802 -290 217 0
3803 -310 221 0
3804 -326 224 0
3805 -331 227 0
3806 -336 229 0
3808 -342 232 0
3809 -345 233 0
3810 -346 235 0
3811 -348 235 0
3812 -349 236 0
3813 -350 236 0
3814 -330 216 0
3815 -310 196 4
3816 -290 176 4
3817 -270 156 5
3818 -250 136 5
3819 -230 116 6
3820 -210 96 6
3821 -190 104 6
3822 -170 88 6
3823 -150 76 6
3824 -152 96 6
3825 -172 116 6
3826 -192 124 6
3827 -212 144 6
3828 -232 164 6
3829 -252 182 5
3830 -272 194 5
3831 -284 203 5
3833 -293 217 5
3835 -299 226 5
3836 -303 229 4
3837 -306 232 3
3838 -309 234 0
3839 -313 236 0
3840 -317 237 0
3841 -320 238 0
3842 -323 239 0
3843 -326 239 0
3844 -331 240 0
3847 -341 240 0
3848 -344 239 0
3849 -346 238 0
3851 -349 233 3
3852 -350 231 4
3853 -351 231 4
3854 -352 228 4
3855 -353 222 3
3856 -354 217 0
3857 -354 212 0
3858 -355 208 0
3859 -355 205 0
3861 -355 203 0
3862 -355 202 0
3863 -356 202 4
3864 -355 201 5
3865 -356 201 6
3866 -356 200 6
3867 -356 199 7
3868 -356 198 8
3869 -356 198 8
3870 -356 197 9
3871 -356 196 9
3872 -356 196 9
3873 -336 176 10
3874 -318 168 10
3875 -325 173 10
3876 -331 178 10
3877 -311 158 10
3878 -291 138 11
3879 -271 118 11
3880 -254 127 11
3881 -274 142 11
3882 -254 122 10
3883 -260 125 9
3884 -279 142 8
3885 -259 122 7
3886 -259 117 5
3887 -278 137 4
3888 -294 154 3
3889 -306 167 0
3890 -316 178 0
3891 -296 158 0
3892 -283 141 0
3893 -263 121 0
3894 -243 101 0
3895 -233 93 3
3896 -253 113 4
3897 -273 133 4
3898 -253 113 4
3899 -256 125 5
3900 -276 145 5
3901 -292 160 6
3902 -304 172 6
3903 -315 182 6
3904 -295 162 6
3905 -275 142 6
3906 -262 122 6
3907 -281 139 6
3908 -296 154 6
3909 -308 165 6
3910 -288 145 6
3911 -289 134 6
3912 -303 149 6
3913 -313 160 6
3914 -322 168 6
3915 -329 174 5
3916 -334 179 5
3917 -338 182 4
3918 -342 186 3
3919 -345 190 0
3920 -347 196 0
3921 -348 202 0
3922 -350 206 0
3923 -351 212 0
3924 -331 192 0
3925 -313 172 0
3926 -320 174 0
3927 -325 188 0
3928 -329 198 0
3929 -333 207 0
3930 -336 214 0
3931 -316 194 0
3932 -296 174 0
3933 -276 154 0
3934 -266 156 3
3935 -278 173 4
3936 -286 187 4
3937 -293 198 5
3938 -303 206 5
3939 -314 213 4
3940 -322 217 0
3941 -329 221 3
3942 -334 224 4
3943 -339 225 4
3944 -342 223 4
3945 -344 218 4
3946 -347 214 4
3947 -348 211 4
3948 -350 208 0
3949 -351 207 0
3950 -352 207 0
3951 -353 205 0
3952 -353 203 0
3953 -354 199 0
3954 -353 194 0
3955 -354 192 0
3956 -354 189 0
3957 -334 169 0
3958 -314 149 0
3959 -294 129 0
3960 -274 109 0
3961 -269 95 0
3962 -286 113 0
3963 -300 133 0
3964 -311 152 0
3965 -320 163 0
3966 -327 178 0
3967 -333 186 0
3968 -337 193 0
3969 -341 198 0
3970 -344 202 0
3971 -346 205 0
3972 -348 210 0
3973 -349 215 0
3975 -351 222 0
3976 -352 226 0
3977 -352 227 0
3978 -353 228 0
3980 -354 231 0
3981 -354 230 0
3982 -354 229 0
3983 -355 229 0
3986 -355 228 0
3987 -355 227 0
3988 -356 225 0
3989 -356 226 0
3990 -356 226 0
3991 -356 227 0
3992 -356 227 0
3993 -356 228 0
3994 -356 229 0
3995 -356 229 0
3996 -356 230 0
3997 -356 230 0
3999 -355 233 0
4000 -355 234 0
4001 -355 235 0
4002 -355 236 0
4003 -355 235 0
4004 -355 235 0
4006 -355 234 0
4007 -355 234 4
4008 -355 235 5
4009 -355 232 6
4010 -335 212 7
4011 -315 192 7
4016 -295 172 3
4017 -275 152 0
4018 -255 132 0
4019 -235 112 0
4020 -215 92 0
4021 -195 72 0
4022 -175 52 0
4023 -155 32 0
4024 -135 27 0
4025 -115 31 0
4026 -95 51 0
4027 -113 71 0
4028 -133 91 0
4029 -153 111 3
4030 -173 131 4
4032 -193 151 4
4033 -213 171 4
4034 -233 191 3
4035 -253 211 0
4036 -273 222 0
4037 -293 225 0
4038 -313 228 0
4039 -333 230 0
4040 -336 232 0
4041 -340 233 0
4042 -342 234 0
4043 -343 235 0
4044 -342 236 0
4045 -342 237 0
4046 -342 237 0
4047 -343 238 0
4048 -344 238 0
4049 -345 238 0
4052 -348 238 0
4053 -349 237 0
4054 -350 234 0
4055 -330 214 0
4056 -310 194 0
4066 -290 174 -4
4071 -270 154 -5
4074 -250 134 -3
4075 -242 129 0
4076 -262 149 0
4077 -282 168 0
4078 -297 181 0
4079 -309 192 0
4080 -289 172 5
4081 -269 152 6
4082 -249 132 8
4083 -229 140 9
4084 -209 146 10
4085 -217 165 11
4086 -237 180 12
4087 -257 191 12
4088 -276 201 12
4089 -284 209 11
4090 -290 215 11
4092 -298 225 10
4093 -301 228 10
4094 -305 231 10
4096 -285 211 9
4097 -265 191 9
4098 -245 171 8
4099 -225 151 7
4100 -205 131 7
4101 -185 149 6
4102 -165 136 6
4103 -145 125 6
4104 -165 145 6
4105 -185 165 6
4106 -205 180 5
4107 -225 192 4
4108 -245 202 4
4109 -265 210 0
4110 -285 216 0
4111 -265 196 0
4112 -249 193 0
4113 -264 202 0
4114 -282 185 0
4115 -290 196 0
4116 -295 205 0
4117 -307 185 0
4118 -311 189 0
4119 -315 200 0
4120 -316 208 0
4121 -296 188 0
4122 -276 188 0
4123 -276 199 0
4128 -292 219 0
4130 -293 232 0
4132 -293 235 0
4133 -292 237 0
4134 -288 237 0
4135 -285 238 0
4136 -281 239 0
4137 -279 239 0
4138 -275 240 0
4139 -271 240 0
4140 -266 240 0
4141 -263 240 0
4142 -260 241 0
4143 -257 241 0
4144 -253 241 0
4146 -250 241 0
4147 -249 241 0
4148 -249 241 0
4150 -248 242 0
4152 -248 242 0
4153 -248 242 0
4154 -248 242 0
4157 -248 242 0
4158 -249 242 0
4159 -249 242 0
4162 -251 241 0
4163 -252 241 0
4165 -254 241 0
4168 -258 241 0
4169 -261 241 0
4172 -266 241 0
4173 -267 241 0
4179 -279 241 0
4180 -294 221 0
4181 -293 204 0
4182 -291 211 0
4183 -290 217 0
4184 -288 222 0
4185 -287 226 0
4187 -287 231 0
4189 -286 235 0
4196 -285 240 0
4198 -283 240 0
4199 -298 220 0
4200 -293 203 0
4201 -292 210 0
4202 -290 217 0
4203 -287 221 0
4204 -284 225 0
4206 -279 231 0
4207 -277 233 0
4212 -273 238 0
4215 -273 240 0
4216 -274 240 0
4217 -274 240 0
4219 -275 240 0
4220 -276 241 0
4221 -276 241 0
4222 -277 241 0
4223 -276 241 0
4224 -277 241 0
4226 -277 241 0
4227 -293 221 0
4228 -290 202 0
4229 -288 210 0
4230 -286 216 0
4231 -284 221 0
4233 -279 228 0
4237 -270 236 0
4238 -268 237 0
4239 -266 238 0
4240 -265 238 0
4241 -265 239 0
4242 -265 239 0
4243 -283 219 0
4244 -298 199 0
4245 -309 179 0
4246 -300 173 0
4247 -291 187 0
4248 -284 198 0
4249 -278 207 0
4250 -272 214 0
4251 -268 219 0
4252 -263 224 0
4253 -260 227 0
4254 -256 230 0
4256 -249 234 0
4257 -249 235 0
4259 -244 237 0
4260 -245 238 0
4261 -246 239 0
4262 -248 239 0
4263 -251 240 0
4265 -260 240 0
4266 -265 240 0
4267 -268 240 0
4270 -280 241 0
4271 -285 241 0
4272 -289 241 0
4273 -293 241 0
4274 -297 241 0
4275 -301 241 0
4276 -306 241 0
4277 -311 241 0
4278 -315 240 0
4279 -319 240 0
4280 -324 240 0
4281 -328 240 0
4282 -332 239 0
4283 -335 239 0
4284 -338 239 0
4285 -341 239 0
4286 -343 238 -3
4287 -346 235 0
4288 -347 232 0
4289 -349 233 0
4290 -350 234 0
4291 -351 235 0
4292 -352 236 0
4293 -352 237 0
4294 -353 237 0
4295 -353 236 0
4296 -353 236 0
4297 -354 235 0
4298 -354 234 0
4299 -354 233 0
4300 -354 230 0
4303 -355 221 0
4304 -354 217 0
4305 -350 210 0
4306 -334 198 0
4307 -321 189 0
4309 -301 170 0
4311 -287 157 0
4312 -284 153 0
4313 -289 154 0
4314 -295 160 0
4315 -307 167 0
4316 -316 174 0
4318 -330 188 0
4319 -335 193 0
4320 -339 199 0
4321 -342 204 0
4322 -342 211 0
4323 -342 217 0
4324 -322 197 0
4325 -302 177 0
4326 -282 157 0
4327 -262 137 0
4337 -242 117 0
4347 -222 97 0
4357 -202 77 0
4367 -182 57 0
4377 -162 37 4
4387 -142 17 6
4397 -122 0 5
4407 -102 0 0
4417 -82 0 3
4427 -62 0 0
4437 -42 0 0
4447 -22 0 0
4457 -2 0 4
4468 0 0 7
4481 0 0 9
4498 0 0 7
4525 0 0 8
4542 0 0 0
4563 0 0 4
4565 -7 -8 4
4566 -8 -15 4
4567 -15 -20 0
4568 -21 -24 0
4569 -26 -27 0
4570 -29 -30 0
4571 -32 -31 0
4572 -35 -32 0
4573 -30 -32 0
4574 -50 -23 0
4575 -70 -16 0
4576 -90 -18 0
4577 -89 -20 0
4578 -109 0 0
4579 -105 0 0
4580 -85 -7 0
4581 -65 -9 0
4582 -85 11 0
4583 -105 28 0
4584 -120 19 0
4585 -100 11 0
4586 -80 0 0
4587 -60 -9 0
4588 -40 -15 0
4589 -29 -22 0
4590 -28 -24 0
4591 -27 -26 0
4592 -28 -27 0
4593 -28 -28 0
4594 -30 -27 0
4595 -32 -27 0
4596 -32 -27 0
4597 -32 -27 0
4598 -33 -26 0
4600 -35 -34 0
4601 -37 -32 0
4602 -30 -25 0
4603 -24 -20 0
4604 -19 -16 0
4614 0 0 0
